      0.00000         0.00000         0.00000         0.00000         0.00000
     0.417993        0.340459        0.249933        0.140576         0.00000
     0.783265        0.631409        0.456200        0.249869         0.00000
      1.10438        0.883211        0.631087        0.340201         0.00000
      1.38827         1.10347        0.782235        0.417349         0.00000
      1.64040         1.29768        0.914531        0.484460         0.00000
      1.86500         1.46982         1.03125        0.543460         0.00000
      2.06537         1.62284         1.13468        0.595632         0.00000
      2.24411         1.75899         1.22652        0.641883         0.00000
      2.40327         1.88000         1.30801        0.682885         0.00000
      2.54450         1.98722         1.38014        0.719148         0.00000
      2.66915         2.08175         1.44366        0.751070         0.00000
      2.77830         2.16444         1.49921        0.778968         0.00000
      2.87283         2.23602         1.54726        0.803094         0.00000
      2.95348         2.29705         1.58821        0.823649         0.00000
      3.02081         2.34798         1.62237        0.840797         0.00000
      3.07531         2.38919         1.65001        0.854666         0.00000
      3.11734         2.42096         1.67132        0.865355         0.00000
      3.14717         2.44351         1.68643        0.872939         0.00000
      3.16499         2.45698         1.69546        0.877469         0.00000
      3.17092         2.46146         1.69846        0.878976         0.00000
      3.16499         2.45698         1.69546        0.877469         0.00000
      3.14717         2.44351         1.68643        0.872939         0.00000
      3.11734         2.42096         1.67132        0.865355         0.00000
      3.07531         2.38919         1.65001        0.854666         0.00000
      3.02081         2.34798         1.62237        0.840797         0.00000
      2.95348         2.29705         1.58821        0.823649         0.00000
      2.87283         2.23602         1.54726        0.803094         0.00000
      2.77830         2.16444         1.49921        0.778968         0.00000
      2.66915         2.08175         1.44366        0.751070         0.00000
      2.54450         1.98722         1.38014        0.719148         0.00000
      2.40327         1.88000         1.30801        0.682885         0.00000
      2.24411         1.75899         1.22652        0.641883         0.00000
      2.06537         1.62284         1.13468        0.595632         0.00000
      1.86500         1.46982         1.03125        0.543460         0.00000
      1.64040         1.29768        0.914531        0.484460         0.00000
      1.38827         1.10347        0.782235        0.417349         0.00000
      1.10438        0.883211        0.631087        0.340201         0.00000
     0.783265        0.631409        0.456200        0.249869         0.00000
     0.417993        0.340459        0.249933        0.140576         0.00000
      0.00000         0.00000         0.00000         0.00000         0.00000
