      0.00000         0.00000         0.00000         0.00000         0.00000         0.00000         0.00000
      1.01315         1.00642        0.998350        0.988899        0.977998        0.965570        0.951529
      1.96509         1.95166         1.93559         1.91675         1.89502         1.87025         1.84227
      2.85708         2.83706         2.81308         2.78499         2.75259         2.71565         2.67393
      3.69040         3.66391         3.63219         3.59504         3.55218         3.50335         3.44818
      4.46627         4.43349         4.39425         4.34828         4.29527         4.23486         4.16664
      5.18588         5.14704         5.10053         5.04606         4.98325         4.91169         4.83090
      5.85040         5.80574         5.75228         5.68967         5.61749         5.53527         5.44245
      6.46094         6.41075         6.35069         6.28035         6.19928         6.10694         6.00273
      7.01852         6.96314         6.89686         6.81926         6.72983         6.62799         6.51308
      7.52416         7.46393         7.39187         7.30750         7.21029         7.09961         6.97476
      7.97875         7.91407         7.83667         7.74608         7.64171         7.52291         7.38892
      8.38315         8.31442         8.23218         8.13593         8.02507         7.89890         7.75663
      8.73813         8.66577         8.57920         8.47790         8.36123         8.22848         8.07882
      9.04436         8.96882         8.87846         8.77273         8.65098         8.51247         8.35635
      9.30245         9.22420         9.13060         9.02109         8.89500         8.75157         8.58994
      9.51291         9.43241         9.33615         9.22352         9.09386         8.94638         8.78020
      9.67616         9.59391         9.49555         9.38049         9.24803         9.09739         8.92766
      9.79252         9.70902         9.60916         9.49235         9.35789         9.20497         9.03271
      9.86225         9.77799         9.67723         9.55937         9.42370         9.26942         9.09562
      9.88548         9.80097         9.69990         9.58169         9.44561         9.29088         9.11657
      9.86225         9.77799         9.67723         9.55937         9.42370         9.26942         9.09562
      9.79252         9.70902         9.60916         9.49235         9.35789         9.20497         9.03271
      9.67616         9.59391         9.49555         9.38049         9.24803         9.09739         8.92766
      9.51291         9.43241         9.33615         9.22352         9.09386         8.94638         8.78020
      9.30245         9.22420         9.13060         9.02109         8.89500         8.75157         8.58994
      9.04436         8.96882         8.87846         8.77273         8.65098         8.51247         8.35635
      8.73813         8.66577         8.57920         8.47790         8.36123         8.22848         8.07882
      8.38315         8.31442         8.23218         8.13593         8.02507         7.89890         7.75663
      7.97875         7.91407         7.83667         7.74608         7.64171         7.52291         7.38892
      7.52416         7.46393         7.39187         7.30750         7.21029         7.09961         6.97476
      7.01852         6.96314         6.89686         6.81926         6.72983         6.62799         6.51308
      6.46094         6.41075         6.35069         6.28035         6.19928         6.10694         6.00273
      5.85040         5.80574         5.75228         5.68967         5.61749         5.53527         5.44245
      5.18588         5.14704         5.10053         5.04606         4.98325         4.91169         4.83090
      4.46627         4.43349         4.39425         4.34828         4.29527         4.23486         4.16664
      3.69040         3.66391         3.63219         3.59504         3.55218         3.50335         3.44818
      2.85708         2.83706         2.81308         2.78499         2.75259         2.71565         2.67393
      1.96509         1.95166         1.93559         1.91675         1.89502         1.87025         1.84227
      1.01315         1.00642        0.998350        0.988899        0.977998        0.965570        0.951529
      0.00000         0.00000         0.00000         0.00000         0.00000         0.00000         0.00000
