      0.00000         0.00000         0.00000         0.00000         0.00000         0.00000         0.00000
     0.853010        0.876966        0.898632        0.918183        0.935771        0.951528        0.965570
      1.64601         1.69372         1.73688         1.77583         1.81087         1.84227         1.87025
      2.38146         2.45253         2.51683         2.57489         2.62712         2.67393         2.71565
      3.06174         3.15560         3.24055         3.31725         3.38630         3.44818         3.50334
      3.68918         3.80506         3.91000         4.00479         4.09013         4.16664         4.23486
      4.26597         4.40298         4.52710         4.63928         4.74030         4.83090         4.91169
      4.79418         4.95127         5.09367         5.22241         5.33840         5.44245         5.53527
      5.27573         5.45174         5.61139         5.75579         5.88594         6.00272         6.10694
      5.71241         5.90609         6.08186         6.24092         6.38434         6.51308         6.62799
      6.10584         6.31585         6.50655         6.67919         6.83492         6.97476         7.09961
      6.45750         6.68243         6.88678         7.07187         7.23890         7.38892         7.52291
      6.76871         7.00710         7.22378         7.42013         7.59737         7.75663         7.89889
      7.04063         7.29097         7.51862         7.72498         7.91134         8.07882         8.22848
      7.27427         7.53503         7.77224         7.98736         8.18166         8.35635         8.51247
      7.47053         7.74013         7.98548         8.20803         8.40912         8.58993         8.75157
      7.63012         7.90697         8.15900         8.38768         8.59434         8.78020         8.94638
      7.75363         8.03615         8.29339         8.52684         8.73785         8.92766         9.09738
      7.84153         8.12810         8.38907         8.62594         8.84007         9.03270         9.20497
      7.89414         8.18314         8.44635         8.68528         8.90128         9.09562         9.26941
      7.91166         8.20147         8.46543         8.70504         8.92167         9.11657         9.29088
      7.89414         8.18314         8.44635         8.68528         8.90128         9.09562         9.26941
      7.84153         8.12810         8.38907         8.62594         8.84007         9.03270         9.20497
      7.75363         8.03615         8.29339         8.52684         8.73785         8.92766         9.09738
      7.63012         7.90697         8.15900         8.38768         8.59434         8.78020         8.94638
      7.47053         7.74013         7.98548         8.20803         8.40912         8.58993         8.75157
      7.27427         7.53503         7.77224         7.98736         8.18166         8.35635         8.51247
      7.04063         7.29097         7.51862         7.72498         7.91134         8.07882         8.22848
      6.76871         7.00710         7.22378         7.42013         7.59737         7.75663         7.89889
      6.45750         6.68243         6.88678         7.07187         7.23890         7.38892         7.52291
      6.10584         6.31585         6.50655         6.67919         6.83492         6.97476         7.09961
      5.71241         5.90609         6.08186         6.24092         6.38434         6.51308         6.62799
      5.27573         5.45174         5.61139         5.75579         5.88594         6.00272         6.10694
      4.79418         4.95127         5.09367         5.22241         5.33840         5.44245         5.53527
      4.26597         4.40298         4.52710         4.63928         4.74030         4.83090         4.91169
      3.68918         3.80506         3.91000         4.00479         4.09013         4.16664         4.23486
      3.06174         3.15560         3.24055         3.31725         3.38630         3.44818         3.50334
      2.38146         2.45253         2.51683         2.57489         2.62712         2.67393         2.71565
      1.64601         1.69372         1.73688         1.77583         1.81087         1.84227         1.87025
     0.853010        0.876966        0.898632        0.918183        0.935771        0.951528        0.965570
      0.00000         0.00000         0.00000         0.00000         0.00000         0.00000         0.00000
