      0.00000         0.00000         0.00000         0.00000         0.00000         0.00000         0.00000
      0.00000        0.140576        0.249934        0.340459        0.417993        0.485748        0.545713
      0.00000        0.249869        0.456200        0.631409        0.783265        0.916784         1.03537
      0.00000        0.340201        0.631087        0.883212         1.10438         1.30026         1.47503
      0.00000        0.417349        0.782236         1.10347         1.38827         1.64233         1.87015
      0.00000        0.484460        0.914532         1.29768         1.64040         1.94815         2.22545
      0.00000        0.543460         1.03125         1.46982         1.86500         2.22191         2.54497
      0.00000        0.595632         1.13469         1.62284         2.06537         2.46704         2.83207
      0.00000        0.641884         1.22652         1.75899         2.24411         2.68630         3.08960
      0.00000        0.682885         1.30801         1.88000         2.40327         2.88196         3.31991
      0.00000        0.719148         1.38014         1.98722         2.54451         3.05588         3.52498
      0.00000        0.751070         1.44367         2.08175         2.66915         3.20956         3.70645
      0.00000        0.778968         1.49921         2.16444         2.77830         3.34427         3.86569
      0.00000        0.803094         1.54726         2.23602         2.87283         3.46104         4.00384
      0.00000        0.823650         1.58821         2.29705         2.95348         3.56071         4.12185
      0.00000        0.840798         1.62238         2.34798         3.02081         3.64398         4.22050
      0.00000        0.854666         1.65001         2.38919         3.07531         3.71140         4.30041
      0.00000        0.865355         1.67132         2.42096         3.11734         3.76341         4.36207
      0.00000        0.872939         1.68643         2.44351         3.14717         3.80033         4.40585
      0.00000        0.877469         1.69546         2.45698         3.16499         3.82239         4.43202
      0.00000        0.878976         1.69847         2.46146         3.17092         3.82973         4.44073
      0.00000        0.877469         1.69546         2.45698         3.16499         3.82239         4.43202
      0.00000        0.872939         1.68643         2.44351         3.14717         3.80033         4.40585
      0.00000        0.865355         1.67132         2.42096         3.11734         3.76341         4.36207
      0.00000        0.854666         1.65001         2.38919         3.07531         3.71140         4.30041
      0.00000        0.840798         1.62238         2.34798         3.02081         3.64398         4.22050
      0.00000        0.823650         1.58821         2.29705         2.95348         3.56071         4.12185
      0.00000        0.803094         1.54726         2.23602         2.87283         3.46104         4.00384
      0.00000        0.778968         1.49921         2.16444         2.77830         3.34427         3.86569
      0.00000        0.751070         1.44367         2.08175         2.66915         3.20956         3.70645
      0.00000        0.719148         1.38014         1.98722         2.54451         3.05588         3.52498
      0.00000        0.682885         1.30801         1.88000         2.40327         2.88196         3.31991
      0.00000        0.641884         1.22652         1.75899         2.24411         2.68630         3.08960
      0.00000        0.595632         1.13469         1.62284         2.06537         2.46704         2.83207
      0.00000        0.543460         1.03125         1.46982         1.86500         2.22191         2.54497
      0.00000        0.484460        0.914532         1.29768         1.64040         1.94815         2.22545
      0.00000        0.417349        0.782236         1.10347         1.38827         1.64233         1.87015
      0.00000        0.340201        0.631087        0.883212         1.10438         1.30026         1.47503
      0.00000        0.249869        0.456200        0.631409        0.783265        0.916784         1.03537
      0.00000        0.140576        0.249934        0.340459        0.417993        0.485748        0.545713
      0.00000         0.00000         0.00000         0.00000         0.00000         0.00000         0.00000
