      0.00000         0.00000         0.00000         0.00000         0.00000         0.00000         0.00000
     0.599237        0.647291        0.690611        0.729774        0.765243        0.797400        0.826566
      1.14144         1.23682         1.32288         1.40074         1.47130         1.53529         1.59335
      1.63185         1.77315         1.90085         2.01651         2.12141         2.21662         2.30304
      2.07528         2.26058         2.42837         2.58055         2.71872         2.84423         2.95824
      2.47605         2.70303         2.90898         3.09609         3.26618         3.42085         3.56146
      2.83792         3.10400         3.34596         3.56613         3.76657         3.94903         4.11505
      3.16418         3.46661         3.74220         3.99342         4.22244         4.43115         4.62124
      3.45761         3.79356         4.10031         4.38041         4.63611         4.86941         5.08209
      3.72060         4.08720         4.42258         4.72930         5.00968         5.26578         5.49947
      3.95518         4.34958         4.71101         5.04204         5.34502         5.62207         5.87510
      4.16306         4.58242         4.96732         5.32033         5.64381         5.93988         6.21052
      4.34569         4.78722         5.19303         5.56567         5.90748         6.22063         6.50710
      4.50428         4.96524         5.38942         5.77933         6.13733         6.46557         6.76605
      4.63986         5.11755         5.55757         5.96242         6.33442         6.67575         6.98842
      4.75326         5.24502         5.69839         6.11584         6.49969         6.85211         7.17510
      4.84516         5.34837         5.81263         6.24037         6.63391         6.99539         7.32683
      4.91610         5.42819         5.90089         6.33661         6.73767         7.10620         7.44423
      4.96649         5.48490         5.96361         6.40503         6.81146         7.18503         7.52776
      4.99661         5.51880         6.00111         6.44595         6.85560         7.23219         7.57774
      5.00663         5.53008         6.01360         6.45957         6.87029         7.24789         7.59438
      4.99661         5.51880         6.00111         6.44595         6.85560         7.23219         7.57774
      4.96649         5.48490         5.96361         6.40503         6.81146         7.18503         7.52776
      4.91610         5.42819         5.90089         6.33661         6.73767         7.10620         7.44423
      4.84516         5.34837         5.81263         6.24037         6.63391         6.99539         7.32683
      4.75326         5.24502         5.69839         6.11584         6.49969         6.85211         7.17510
      4.63986         5.11755         5.55757         5.96242         6.33442         6.67575         6.98842
      4.50428         4.96524         5.38942         5.77933         6.13733         6.46557         6.76605
      4.34569         4.78722         5.19303         5.56567         5.90748         6.22063         6.50710
      4.16306         4.58242         4.96732         5.32033         5.64381         5.93988         6.21052
      3.95518         4.34958         4.71101         5.04204         5.34502         5.62207         5.87510
      3.72060         4.08720         4.42258         4.72930         5.00968         5.26578         5.49947
      3.45761         3.79356         4.10031         4.38041         4.63611         4.86941         5.08209
      3.16418         3.46661         3.74220         3.99342         4.22244         4.43115         4.62124
      2.83792         3.10400         3.34596         3.56613         3.76657         3.94903         4.11505
      2.47605         2.70303         2.90898         3.09609         3.26618         3.42085         3.56146
      2.07528         2.26058         2.42837         2.58055         2.71872         2.84423         2.95824
      1.63185         1.77315         1.90085         2.01651         2.12141         2.21662         2.30304
      1.14144         1.23682         1.32288         1.40074         1.47130         1.53529         1.59335
     0.599237        0.647291        0.690611        0.729774        0.765243        0.797400        0.826566
      0.00000         0.00000         0.00000         0.00000         0.00000         0.00000         0.00000
