      0.00000         0.00000         0.00000         0.00000         0.00000         0.00000         0.00000
     0.765243        0.729774        0.690611        0.647291        0.599237        0.545713        0.485747
      1.47130         1.40074         1.32288         1.23682         1.14144         1.03537        0.916784
      2.12141         2.01651         1.90085         1.77315         1.63185         1.47503         1.30026
      2.71872         2.58055         2.42837         2.26058         2.07528         1.87015         1.64233
      3.26618         3.09609         2.90898         2.70303         2.47605         2.22545         1.94815
      3.76657         3.56613         3.34596         3.10400         2.83792         2.54497         2.22191
      4.22244         3.99342         3.74220         3.46661         3.16418         2.83207         2.46704
      4.63611         4.38041         4.10031         3.79356         3.45761         3.08960         2.68630
      5.00968         4.72930         4.42258         4.08720         3.72060         3.31991         2.88196
      5.34503         5.04204         4.71101         4.34958         3.95518         3.52498         3.05588
      5.64381         5.32034         4.96732         4.58242         4.16306         3.70644         3.20956
      5.90749         5.56567         5.19303         4.78722         4.34569         3.86568         3.34427
      6.13733         5.77933         5.38942         4.96524         4.50428         4.00384         3.46104
      6.33442         5.96242         5.55757         5.11755         4.63986         4.12185         3.56071
      6.49970         6.11584         5.69839         5.24502         4.75326         4.22050         3.64398
      6.63391         6.24037         5.81263         5.34837         4.84516         4.30041         3.71140
      6.73767         6.33662         5.90089         5.42819         4.91610         4.36207         3.76341
      6.81146         6.40503         5.96361         5.48490         4.96649         4.40585         3.80033
      6.85560         6.44595         6.00111         5.51880         4.99661         4.43202         3.82239
      6.87029         6.45957         6.01360         5.53008         5.00663         4.44073         3.82973
      6.85560         6.44595         6.00111         5.51880         4.99661         4.43202         3.82239
      6.81146         6.40503         5.96361         5.48490         4.96649         4.40585         3.80033
      6.73767         6.33662         5.90089         5.42819         4.91610         4.36207         3.76341
      6.63391         6.24037         5.81263         5.34837         4.84516         4.30041         3.71140
      6.49970         6.11584         5.69839         5.24502         4.75326         4.22050         3.64398
      6.33442         5.96242         5.55757         5.11755         4.63986         4.12185         3.56071
      6.13733         5.77933         5.38942         4.96524         4.50428         4.00384         3.46104
      5.90749         5.56567         5.19303         4.78722         4.34569         3.86568         3.34427
      5.64381         5.32034         4.96732         4.58242         4.16306         3.70644         3.20956
      5.34503         5.04204         4.71101         4.34958         3.95518         3.52498         3.05588
      5.00968         4.72930         4.42258         4.08720         3.72060         3.31991         2.88196
      4.63611         4.38041         4.10031         3.79356         3.45761         3.08960         2.68630
      4.22244         3.99342         3.74220         3.46661         3.16418         2.83207         2.46704
      3.76657         3.56613         3.34596         3.10400         2.83792         2.54497         2.22191
      3.26618         3.09609         2.90898         2.70303         2.47605         2.22545         1.94815
      2.71872         2.58055         2.42837         2.26058         2.07528         1.87015         1.64233
      2.12141         2.01651         1.90085         1.77315         1.63185         1.47503         1.30026
      1.47130         1.40074         1.32288         1.23682         1.14144         1.03537        0.916784
     0.765243        0.729774        0.690611        0.647291        0.599237        0.545713        0.485747
      0.00000         0.00000         0.00000         0.00000         0.00000         0.00000         0.00000
