      0.00000         0.00000         0.00000         0.00000         0.00000         0.00000         0.00000
      1.02280         1.02578         1.02756         1.02816         1.02756         1.02578         1.02280
      1.98433         1.99027         1.99382         1.99500         1.99382         1.99027         1.98433
      2.88578         2.89465         2.89994         2.90170         2.89994         2.89465         2.88578
      3.72836         3.74009         3.74710         3.74943         3.74710         3.74009         3.72836
      4.51325         4.52776         4.53643         4.53932         4.53643         4.52776         4.51325
      5.24157         5.25878         5.26905         5.27247         5.26906         5.25878         5.24157
      5.91443         5.93422         5.94604         5.94997         5.94604         5.93422         5.91443
      6.53289         6.55512         6.56841         6.57283         6.56841         6.55513         6.53289
      7.09794         7.12248         7.13715         7.14202         7.13715         7.12249         7.09794
      7.61053         7.63722         7.65317         7.65848         7.65317         7.63722         7.61053
      8.07153         8.10021         8.11734         8.12304         8.11735         8.10021         8.07153
      8.48176         8.51224         8.53045         8.53651         8.53045         8.51224         8.48176
      8.84194         8.87404         8.89321         8.89959         8.89322         8.87404         8.84194
      9.15274         9.18625         9.20628         9.21294         9.20628         9.18625         9.15274
      9.41474         9.44946         9.47020         9.47711         9.47021         9.44946         9.41474
      9.62842         9.66413         9.68548         9.69258         9.68548         9.66413         9.62842
      9.79418         9.83068         9.85250         9.85975         9.85250         9.83068         9.79419
      9.91236         9.94942         9.97157         9.97894         9.97157         9.94942         9.91236
      9.98318         10.0206         10.0429         10.0504         10.0429         10.0206         9.98318
      10.0068         10.0443         10.0667         10.0742         10.0667         10.0443         10.0068
      9.98318         10.0206         10.0429         10.0504         10.0429         10.0206         9.98318
      9.91236         9.94942         9.97157         9.97894         9.97157         9.94942         9.91236
      9.79418         9.83068         9.85250         9.85975         9.85250         9.83068         9.79419
      9.62842         9.66413         9.68548         9.69258         9.68548         9.66413         9.62842
      9.41474         9.44946         9.47020         9.47711         9.47021         9.44946         9.41474
      9.15274         9.18625         9.20628         9.21294         9.20628         9.18625         9.15274
      8.84194         8.87404         8.89321         8.89959         8.89322         8.87404         8.84194
      8.48176         8.51224         8.53045         8.53651         8.53045         8.51224         8.48176
      8.07153         8.10021         8.11734         8.12304         8.11735         8.10021         8.07153
      7.61053         7.63722         7.65317         7.65848         7.65317         7.63722         7.61053
      7.09794         7.12248         7.13715         7.14202         7.13715         7.12249         7.09794
      6.53289         6.55512         6.56841         6.57283         6.56841         6.55513         6.53289
      5.91443         5.93422         5.94604         5.94997         5.94604         5.93422         5.91443
      5.24157         5.25878         5.26905         5.27247         5.26906         5.25878         5.24157
      4.51325         4.52776         4.53643         4.53932         4.53643         4.52776         4.51325
      3.72836         3.74009         3.74710         3.74943         3.74710         3.74009         3.72836
      2.88578         2.89465         2.89994         2.90170         2.89994         2.89465         2.88578
      1.98433         1.99027         1.99382         1.99500         1.99382         1.99027         1.98433
      1.02280         1.02578         1.02756         1.02816         1.02756         1.02578         1.02280
      0.00000         0.00000         0.00000         0.00000         0.00000         0.00000         0.00000
