      0.00000         0.00000         0.00000         0.00000         0.00000         0.00000         0.00000
     0.977998        0.988899        0.998350         1.00642         1.01315         1.01860         1.02280
      1.89502         1.91675         1.93559         1.95166         1.96509         1.97595         1.98433
      2.75259         2.78499         2.81308         2.83706         2.85708         2.87329         2.88578
      3.55218         3.59504         3.63219         3.66391         3.69040         3.71184         3.72836
      4.29527         4.34828         4.39425         4.43349         4.46627         4.49279         4.51325
      4.98325         5.04606         5.10053         5.14704         5.18588         5.21732         5.24157
      5.61749         5.68967         5.75228         5.80574         5.85040         5.88655         5.91443
      6.19928         6.28035         6.35068         6.41075         6.46093         6.50156         6.53289
      6.72983         6.81926         6.89686         6.96314         7.01852         7.06336         7.09794
      7.21028         7.30750         7.39187         7.46393         7.52416         7.57292         7.61053
      7.64171         7.74608         7.83667         7.91407         7.97875         8.03113         8.07153
      8.02507         8.13593         8.23218         8.31442         8.38315         8.43882         8.48176
      8.36123         8.47790         8.57920         8.66577         8.73813         8.79673         8.84194
      8.65098         8.77273         8.87846         8.96882         9.04436         9.10554         9.15274
      8.89500         9.02108         9.13060         9.22419         9.30245         9.36583         9.41474
      9.09385         9.22352         9.33614         9.43241         9.51291         9.57811         9.62842
      9.24802         9.38048         9.49555         9.59391         9.67615         9.74278         9.79418
      9.35788         9.49235         9.60916         9.70902         9.79252         9.86017         9.91236
      9.42369         9.55936         9.67723         9.77799         9.86225         9.93051         9.98318
      9.44561         9.58168         9.69990         9.80096         9.88548         9.95394         10.0068
      9.42369         9.55936         9.67723         9.77799         9.86225         9.93051         9.98318
      9.35788         9.49235         9.60916         9.70902         9.79252         9.86017         9.91236
      9.24802         9.38048         9.49555         9.59391         9.67615         9.74278         9.79418
      9.09385         9.22352         9.33614         9.43241         9.51291         9.57811         9.62842
      8.89500         9.02108         9.13060         9.22419         9.30245         9.36583         9.41474
      8.65098         8.77273         8.87846         8.96882         9.04436         9.10554         9.15274
      8.36123         8.47790         8.57920         8.66577         8.73813         8.79673         8.84194
      8.02507         8.13593         8.23218         8.31442         8.38315         8.43882         8.48176
      7.64171         7.74608         7.83667         7.91407         7.97875         8.03113         8.07153
      7.21028         7.30750         7.39187         7.46393         7.52416         7.57292         7.61053
      6.72983         6.81926         6.89686         6.96314         7.01852         7.06336         7.09794
      6.19928         6.28035         6.35068         6.41075         6.46093         6.50156         6.53289
      5.61749         5.68967         5.75228         5.80574         5.85040         5.88655         5.91443
      4.98325         5.04606         5.10053         5.14704         5.18588         5.21732         5.24157
      4.29527         4.34828         4.39425         4.43349         4.46627         4.49279         4.51325
      3.55218         3.59504         3.63219         3.66391         3.69040         3.71184         3.72836
      2.75259         2.78499         2.81308         2.83706         2.85708         2.87329         2.88578
      1.89502         1.91675         1.93559         1.95166         1.96509         1.97595         1.98433
     0.977998        0.988899        0.998350         1.00642         1.01315         1.01860         1.02280
      0.00000         0.00000         0.00000         0.00000         0.00000         0.00000         0.00000
