      0.00000         0.00000         0.00000         0.00000         0.00000         0.00000         0.00000
     0.935772        0.918184        0.898632        0.876966        0.853011        0.826566        0.797400
      1.81087         1.77583         1.73688         1.69372         1.64601         1.59335         1.53529
      2.62712         2.57489         2.51683         2.45253         2.38146         2.30304         2.21662
      3.38630         3.31726         3.24055         3.15560         3.06175         2.95825         2.84423
      4.09013         4.00479         3.91000         3.80507         3.68919         3.56146         3.42085
      4.74030         4.63928         4.52711         4.40298         4.26597         4.11505         3.94903
      5.33840         5.22241         5.09367         4.95127         4.79418         4.62124         4.43116
      5.88594         5.75579         5.61139         5.45175         5.27573         5.08209         4.86941
      6.38434         6.24092         6.08186         5.90609         5.71241         5.49947         5.26578
      6.83492         6.67919         6.50655         6.31585         6.10584         5.87510         5.62208
      7.23890         7.07188         6.88679         6.68244         6.45750         6.21052         5.93989
      7.59737         7.42013         7.22378         7.00710         6.76871         6.50711         6.22064
      7.91134         7.72499         7.51862         7.29097         7.04063         6.76606         6.46557
      8.18167         7.98736         7.77225         7.53503         7.27428         6.98842         6.67576
      8.40912         8.20803         7.98548         7.74013         7.47053         7.17510         6.85211
      8.59434         8.38768         8.15901         7.90698         7.63012         7.32683         6.99539
      8.73785         8.52684         8.29339         8.03615         7.75363         7.44423         7.10620
      8.84007         8.62594         8.38907         8.12810         7.84153         7.52776         7.18503
      8.90128         8.68528         8.44635         8.18314         7.89415         7.57774         7.23219
      8.92167         8.70504         8.46543         8.20147         7.91166         7.59438         7.24789
      8.90128         8.68528         8.44635         8.18314         7.89415         7.57774         7.23219
      8.84007         8.62594         8.38907         8.12810         7.84153         7.52776         7.18503
      8.73785         8.52684         8.29339         8.03615         7.75363         7.44423         7.10620
      8.59434         8.38768         8.15901         7.90698         7.63012         7.32683         6.99539
      8.40912         8.20803         7.98548         7.74013         7.47053         7.17510         6.85211
      8.18167         7.98736         7.77225         7.53503         7.27428         6.98842         6.67576
      7.91134         7.72499         7.51862         7.29097         7.04063         6.76606         6.46557
      7.59737         7.42013         7.22378         7.00710         6.76871         6.50711         6.22064
      7.23890         7.07188         6.88679         6.68244         6.45750         6.21052         5.93989
      6.83492         6.67919         6.50655         6.31585         6.10584         5.87510         5.62208
      6.38434         6.24092         6.08186         5.90609         5.71241         5.49947         5.26578
      5.88594         5.75579         5.61139         5.45175         5.27573         5.08209         4.86941
      5.33840         5.22241         5.09367         4.95127         4.79418         4.62124         4.43116
      4.74030         4.63928         4.52711         4.40298         4.26597         4.11505         3.94903
      4.09013         4.00479         3.91000         3.80507         3.68919         3.56146         3.42085
      3.38630         3.31726         3.24055         3.15560         3.06175         2.95825         2.84423
      2.62712         2.57489         2.51683         2.45253         2.38146         2.30304         2.21662
      1.81087         1.77583         1.73688         1.69372         1.64601         1.59335         1.53529
     0.935772        0.918184        0.898632        0.876966        0.853011        0.826566        0.797400
      0.00000         0.00000         0.00000         0.00000         0.00000         0.00000         0.00000
